Taxon	Subject_001	Subject_002	Subject_003	Subject_004	Subject_005	Subject_006	Subject_007	Subject_008	Subject_009	Subject_010	Subject_011	Subject_012	Subject_013	Subject_014	Subject_015	Subject_016	Subject_017	Subject_018	Subject_019	Subject_020	Subject_021	Subject_022	Subject_023	Subject_024	Subject_025	Subject_026	Subject_027	Subject_028	Subject_029
Abiotrophia	1.44578751333996e-05	0	0	3.60356360097537e-05	5.62081951548536e-05	9.04396900348715e-06	8.4361703744839e-05	3.45893290184691e-05	2.0102974833254e-05	0	9.63691410903702e-05	2.75694750771945e-05	6.04983437484344e-05	5.07497984641672e-05	6.45457166368162e-05	2.92474627826036e-05	6.91276095672612e-05	3.56678076674858e-05	0	0	0	0	3.11526479750779e-05	0	0	0	3.43041405097595e-05	2.55977064455025e-05	0
Acidaminococcus	0	1.50904640522641e-05	9.51480426335986e-06	6.9415521310565e-06	0.000281040975774268	0	0	2.19155936200821e-05	0.0458828044622578	0	8.64229539365655e-06	0	0	6.90547591085018e-05	0.000201892599587066	0	5.02002139978427e-05	0	0.000693540001728172	1.32816235456622e-05	0.00121548241818076	0	0	0	0	5.69670730317876e-05	0	0	0
Actinomyces	0.000243499180149491	0.000135370241033316	0.000127337555872919	0.000174933558964953	0.000224832780619414	0.000593743114876885	0.000282281170894368	0.000798155719734873	0.000871962431118618	0.000533815691632384	0.000317193971654196	0.000398881755729618	0.000772645566147297	0.000290653369574925	0.000300804151482867	0.000335197135518984	0.000488579382114037	0.000310890434474226	0.000332826627814223	8.93619643855892e-05	0.00102499021747311	0.000146017376067752	0.000311526479750779	0.000146758080392823	0	5.88079625981358e-05	0.000137216562039038	0.000435161009573542	8.66100814134765e-05
Akkermansia	0.053147128583242	1.83558392435529e-05	2.36100800547566e-05	0.141436931690354	2.81040975774268e-05	0.210984096623378	0.0101033868202809	0	1.59527797718752e-05	0.00118502864265264	0.101413902012194	1.59362549800797e-05	1.41087502469031e-05	0.00132750903720896	0.00385826371245547	0.00353061010780571	0.00140291597376458	0	2.9399658963956e-05	6.52049842502957e-05	0.00268651400217455	0.219844978595447	6.23052959501558e-05	0.000229660322069438	0.024553763904458	0	0	0	0
Alistipes	0.0643881615855013	0.025878592446383	0.0316869939583807	0.0219851436164685	0.0135742791298971	0.0017427607237399	0.112464755581657	0.0301317070020787	0.00483523957798713	0.495194129727153	0.0974254334724638	0	0.00175008773718573	0.0673568298477393	0.0261439950757217	0.0723984685893722	0.0809692367133892	0.0245180345666205	0.000170985445611959	0.0682783004721338	0.0277378568253172	0.0140102215776421	0.0205275291901138	0.0866756026556642	4.3114598603087e-05	0.0363739376094821	0.0572536105107887	0.0102134848717555	0.014896934003118
Anaerofustis	0	5.5695880035112e-05	0	8.34445927903872e-06	0	8.27126438683049e-06	0	0	0	3.72822754962956e-05	8.64229539365655e-06	2.75694750771945e-05	0	0.000261563113238253	0	1.46237313913018e-05	9.95350153359543e-05	5.51268463909728e-05	0	0	0	3.6504344016938e-05	0	0	2.15572993015435e-05	0	0	0	0
Anaerostipes	7.76524122721872e-06	6.62379263546076e-05	0.000154883446831229	0.000401107950612382	0	0.000219675522961673	0.000206705480585628	0.00126727203697472	0.000253476908170151	0.000201121760910326	3.02965502230121e-05	0.000221831685169336	3.6783638637534e-05	0.000511621283732222	0.00371200095755271	0.000139731920616143	7.2377337860532e-05	1.62087689439987e-05	0.0109271307552085	0	0	9.55797315506899e-05	6.23052959501558e-05	1.6580448335323e-05	0	0	0	7.67931193365075e-05	0.00199203187250996
Anaerotruncus	0.000658984680980115	0.000238572237265907	0.00100276381006411	0.000959690009481838	0.000646394244280816	0.000393977861380919	0.000534342687718922	0.000727177593758547	0.000416053857456733	0.000706247533904665	0.000903590805162226	0.000150756480034867	0.000197433743626723	0.00166437281916679	0.000160556562232533	0.000199646130627055	0.00134567431633906	0.000424096354457435	0.000465380886201333	0.000980528185997958	0.000642857580972157	0.00187188547733293	0.000330917694759139	0.00090206083994243	6.46718979046305e-05	0.000525589884250526	0.0010977324963123	5.1195412891005e-05	0.000173220162826953
Atopobium	4.47225191300576e-06	1.09022765145317e-05	0	1.61782721782767e-05	0	8.40344688673049e-06	5.30009116156798e-06	7.95316894865028e-05	1.25892977246519e-05	0	0	0	7.62173298188123e-05	2.87838456909657e-05	0	1.37923424914487e-05	0	0	5.13259195893926e-05	0	2.57931390250193e-05	0	0	0	0	0	0	0	0
Bacillus	0	7.78343373962857e-06	0	6.78173001932793e-06	0	3.16851559065063e-05	7.48828084048464e-06	9.56096068532966e-06	6.70093075928246e-06	3.72822754962956e-05	0	0	1.80245800468795e-05	0	0	0	0	3.56678076674858e-05	0	1.32816235456622e-05	0	0	0	0	0	0	0	0	0
Bacteroides	0.105432490267129	0.236370280042528	0.399950167395878	0.276387654309121	0.0946546006407734	0.0784458800125518	0.357468070249976	0.365083256050274	0.223704617082668	0.197975159941416	0.199125458526863	0.0105899050467736	0.0542572257515824	0.284024305486657	0.288862509997826	0.582924429295044	0.263731686235101	0.411027541337176	0.479119980595785	0.385563705947301	0.216323837584211	0.124932507988143	0.236120985756822	0.633799196076272	0.710011209795637	0.35079811340009	0.367019999313917	0.264987457123842	0.225532652000693
Barnesiella	6.24675326995643e-05	2.84240364047329e-05	0.00018023240732011	4.78453483937818e-05	5.62081951548536e-05	7.87215618357868e-05	9.83245507552082e-05	4.1079682226871e-05	0.000128785259574498	2.83407863521442e-05	3.51121530129711e-05	0	0	0	0	0.000125156131674738	0.000128211595785185	0	4.01888291694689e-05	5.19233607046334e-05	0	0	2.94724432655467e-05	9.82497126993961e-05	0.000172458394412348	0.000172742108661711	0	0	0
Bifidobacterium	0.143189195642615	0.0351338511368869	0.0131369406086247	0.000338028806943523	0.0011522680006745	0.0280442388948579	0.0881862579552001	0.226549531632066	0.133792620661227	0.0797872332790235	0.000127271679179793	0.199161473207303	0.0445559009155104	0.136756910937413	9.89115518958018e-05	0.0730959783586756	0.000616349409930798	0.0888213726009765	0.00415584304827758	0.0172575229578616	0.00632646573444125	0.00996428204815121	0.0527921421508273	0.0267752846488582	0.00394498577218246	0.0435057163205661	0.000411649686117114	0	0.000173220162826953
Bilophila	0.00290279869139687	0	0.001019049170861	0.00365642822467616	0.00148951717160362	0.000951480517563805	0.000814837113790579	0.000664821822914976	0	0.00163908110319895	0.00125079050373885	0	0	0	0.0108036340575354	2.35494871606328e-05	0.000161215239533072	0.000912559430846808	0	0.00161920209438027	8.4526090386566e-05	0.00255042065131021	0	0	0	0.000481483912301924	0.00274433124078076	0.0115445656069216	0
Blautia	0.000642335822460571	0.00804807629302468	0.00107432260209197	0.00136394371510299	0.00247316058681356	0.00268925150493254	0.00339207028150595	0.000699963341947689	0.00078832530291755	0.000300227393673801	0.00344941432217787	0.000597447000704724	0.00105532782853499	0.0151795475361042	0.00406026253876163	0.00204614908935763	0.00154105305074927	0.000384567949385551	0.000796189135090286	0.000706426625451113	0.0353671754937215	0.00105012560934384	0.000532569804242379	0.000521943505542543	0.000172458394412348	0.000770001056593558	0.00157799046344894	0.000281574770900527	0.00796812749003984
Burkholderiales	1.24252374230813e-05	0	2.53814837000112e-06	0.000200540649145769	2.81040975774268e-05	3.5784961012285e-06	1.44106185186492e-05	0	3.34450472694382e-05	0	5.15890573707125e-05	0	0	5.47993856318631e-05	8.5271964356929e-05	0	0	5.0187576065545e-05	0	0.000143691592046254	0	0.000103103412722961	0	0.000139084344881433	0	0	0	0	0
Butyrivibrio	0.000597311719706187	0.000171078917645248	0.000188637084045207	0.000366848037607644	0.000281040975774268	8.83288627735946e-05	5.30857908615959e-05	9.22158960989449e-05	0.000137757363464469	0.00170462181297943	0.000489784713954453	0.000134820225054787	7.05437512345156e-06	5.56994466804166e-05	2.07262477201128e-05	7.80092149035752e-05	5.02002139978427e-05	5.18765766114845e-05	7.34451658391845e-06	0.000102643587931251	7.7379417075058e-05	5.15517063614806e-05	0	0.00019526644808625	0.000150901095110805	0.000101073044980389	0.000308737264587836	0.00010239082578201	0.000433050407067383
Campylobacter	0.000104706133178922	0.000231975919125575	0.000100465298111652	0.000122290818694828	0.00106795570794222	0.000208816326463388	0.00028745664492569	0.000810121582485959	0.00631031676999783	0.000431526478119516	0.00178432268581963	0.000477287146078237	0.000215812433218989	0.000111452954176526	0.000134186877357126	4.22084163741993e-05	0.000174296668830026	0.000419242235490955	4.75441420675284e-05	0.000154566948635885	0.000884524729946009	0.00109958656788581	7.70415175829291e-05	0.000154431815904214	2.15572993015435e-05	0.000599099837498196	6.86082810195191e-05	0.00030717247734603	0.00329118309371211
Catenibacterium	6.76663238239593e-06	0	0.000273658012153745	0	0.0353830588499803	0	0.00267097786140698	0	0	2.01604257618494e-05	8.64229539365655e-06	0	0	1.0478885046631e-05	0	0.000700178553530728	2.62922648156912e-05	0	0	0	2.81753634621887e-05	0	0	1.6580448335323e-05	0	0	0	0	0
Citrobacter	0.000128255911078785	0	0	6.9415521310565e-06	0	0	0	0	0.000204797252907531	0	0	0	0.000432838786064866	0	0	0	0	0.00149007132977886	4.52441075484185e-05	0	0	1.8252172008469e-05	0.000498442367601246	0	0	0	0.0180439779081335	0.00673219679516715	0
Clostridiales	0.000546400722908251	0.00151653163059175	0.00144777201863964	0.00217267087039666	0.00154572536675847	0.00174974016596346	0.000520467994163345	0.00137161139265599	0.000657701007223081	0.00116746135301887	0.000814334119006133	0.00110485539096371	0.000698835389077519	0.00126842531671071	0.00434107643364826	0.000134841362669076	0.00463157699454546	0.000901715706118852	0.000210020346100526	0.00127397419276803	0.000657150927595173	0.00150015766609704	0.00109254622628777	0.000849853540311377	0.000452703285332414	0.000871074101573948	0.000960515934273267	0.00191982798341269	0.00173220162826953
Clostridium	0.0145779914620555	0.0121930658644947	0.0146370935193977	0.0441039100849192	0.0141082569838682	0.0249785898528199	0.013590710350503	0.0339412097021149	0.04116229753471	0.0155329492171829	0.0177238347888276	0.016430980972449	0.00721136496267867	0.0366064925646798	0.141821313851223	0.0159912968959019	0.0211641804514814	0.0180150394674976	0.0305171247390803	0.0210623887950328	0.0418559755069538	0.0338662041684084	0.0140780771847481	0.0105302568128471	0.0358713460377684	0.0171383116747176	0.0228465575794998	0.0214764757077766	0.0235579421444656
Collinsella	0.029177587324417	0.0113471060290216	0	0.0181427309027047	0.00862795795627002	0.00477649889109434	0.00732158224851292	0	0.0489164341686038	0.0049754399858914	0.0112612899037334	0.0251654502413812	0.00911784629776617	1.78008693043649e-05	1.36395875388728e-05	0.0146981467387323	0.00720736681117725	0.00702343565430151	8.499932000544e-06	0	0.0574619728521761	1.8252172008469e-05	0.0440775813866371	0.0111200309606796	0	0.000790225715942137	0.011834928475867	0.0120053243229407	0.00346440325653906
Coprobacillus	0.000151439893106328	0.000860881892877012	0.000205384243566137	0.000599068577476097	0.000843122927322804	0.000252354882566434	0.000552400295817465	0.00108133094174455	0.000358513530363922	0.000376437763684877	0.000954926051643151	0.00821335127070017	0.000154605870379782	0.000496729466166535	0.00134294559659573	0.000158366878604761	0.00101657934843863	0.000193270411883612	0.000448319217786846	0.000421449708314637	0.00171984540627915	0.000762409728716682	0.000365430752153279	0.000213079873734115	6.46718979046305e-05	0.000303219134941168	0.000617474529175672	0.000742333486919572	0.00025983024424043
Coprococcus	0.126440853005013	0.00823980281908671	0.00225518410441877	0.0014426465932159	0.0267551008937103	0.0222471211121616	0.00671057630607735	0.000726842828624941	0.00153562956592289	0.0013000975108457	0.00444952628790774	0.000938162655948768	0.00101502869232881	0.0014511294761259	0.00440847857372977	0.00241205967172128	0.0140244406085899	0.0132939158808251	0.00188323397370804	0.0217583644614817	0.061044786081042	0.0219924332919527	0.00417395903054943	0.0075929051220017	0.00737259636112788	0.00545983557026988	0.0305992933347055	0.000844724312701582	0.00476355447774121
Desulfovibrio	0	0	5.53866518005281e-05	0	0	0	0.000744101764293911	0.000621741855332462	0.00144195818625034	0.00399941426364524	0.00141044137887562	0	1.0970204923428e-05	0	0.00539322672549316	3.9028578676736e-05	0.00164063495618314	0.000572274603124273	0	0	0.00863225259799816	0	0	0	0	0	0	0	0
Dialister	0.106424248145953	9.50079648343853e-06	5.60905975331355e-06	9.59772296563937e-06	0	0.0742637577045292	0.0199415989946217	2.47958973836711e-05	0.0442591955534289	0.000201272488567978	9.11444092019396e-06	0.0112918515615526	0.000149053607298463	0.000244378144240122	0.000198616135908249	0.0194064914844124	5.02002139978427e-05	0.00994080193590552	5.00617283107242e-05	1.32816235456622e-05	5.63507269243773e-05	2.57758531807403e-05	0.0634968640769479	0	0.0203285332413555	0.0203578717457968	0.0142362183115502	0.0209133261659755	0.0662567122813095
Dorea	0.0196346675337631	0.0206218226680937	0.00301325366678841	0.00574134782252556	0.0849024787814063	0.00213802932684028	0.026788096260324	0.00288978769345557	0.0396021370876299	0.00215696825009865	0.0327365022704324	0.050201208399749	0.0149894950405627	0.00259328495891922	0.103612084184494	0.000589644262695034	0.0165191347063322	0.0234240842402708	0.00977035124471246	0.0126529748514008	0.060992548651956	0.0332152457888029	0.0162587625430036	0.00747930793827952	0.00135810985599724	0.0137845927982263	0.0490892250694659	0.0361439615010495	0.00900744846700156
Eggerthella	0.000576457271241926	0.00551983279779507	0.00767803488176904	0.00746791274161261	0.00264178517227812	0.00372804584178085	0.000609749319488578	0.0321711725480099	0.00298263391994183	0.00367000726840161	0.00698461852682137	0.00947882049218213	0.0031348137981744	0.0160234389132493	0.00846851222520162	0.000394523449984044	0.00220302806300764	0.00125700282482599	0.0276481012318259	0.0109279684175333	0.0144621531686884	0.00689916858844217	0.00683317219894726	0.0006060787245317	0.000819177373458653	0.00300102185619002	0.0028815478028198	0.00977832386218195	0.00727524683873203
Enterococcus	0.000155155359337804	8.1401068331635e-05	0.000295013913351286	0.0161656141842607	0.000224832780619414	9.68254883881322e-05	4.08684856428127e-05	0.000346654210182167	0.000346722486046079	0.000517230918753232	0.000107106887235663	0	0.000106606041054776	0.000209564657713682	0.000300804151482867	0.000132347195969517	0.0002253622954876	6.44234706278707e-05	0.000131995623475996	7.72834743179424e-05	0.000157141058587285	0.000410185527203008	6.06250912406246e-05	5.74150805173595e-05	4.3114598603087e-05	0.000130477026279457	0	0.000255977064455025	0.00025983024424043
Erysipelotrichaceae	0.000629434603820334	0.00103125724611908	0.000567318196130441	0.00116258238936399	0.00205159912315216	0.000607046416059739	0.00102304226633939	0.00639395192715975	0.00116860964582725	0.00395214581064172	0.000756387896646332	0.00110660665674312	0.000716177410205102	0.001821180449772	0.00191247200306059	0.000524717748060055	0.0013192995353995	0.000696196442797078	0.0016462016701206	0.00115684584781311	0.00186983979155493	0.00437884266182104	0.000365430752153279	0.00080901890812934	0.000129343795809261	0.000490663234252413	0.000548866248156152	0.00133108073516613	0.000866100814134765
Escherichia	0.00045595060921107	6.16212804791136e-05	0.000466922766729631	0.00668203826466156	0	0.00329492487673746	0.00304564421546313	3.71502119130513e-05	0.0625531543659447	0.00984458244409074	2.59007675530675e-05	0.0164919475165065	0.462074052251552	0.00177367405554206	0.000356342903685604	8.27540549486925e-05	0.0128998968008256	8.78282581147037e-05	0.00370198474392339	3.86417371589712e-05	0.00742671040734991	0.00374390833053519	0.0614616128312551	3.3160896670646e-05	0.000107786496507718	0.000689152670961747	0.00933072621865459	0.0102646802846465	0.000866100814134765
Eubacterium	0.0790856514381424	0.159158374880668	0.175141579466688	0.146361438342033	0.033977853971109	0.103364997308946	0.0735661641529577	0.0682484076162896	0.0243768591761156	0.0535457378398401	0.121913099900925	0.112390983046201	0.0186351031330895	0.0766348384072749	0.0174110156855857	0.0484713727761668	0.0610173434337078	0.0721898423612435	0.0102199601689557	0.0926183926725232	0.145428216252259	0.104045257919356	0.0758384083778863	0.0373265189661187	0.0703199103216349	0.260322401304726	0.0300847312270591	0.245584395638151	0.129482071713147
Faecalibacterium	0.0641379360188456	0.0268068887369723	0.00852052586773295	0.0236912597903282	0.00809398010229891	0.0282608586157781	0.0349785079288703	0.0146347888842153	0.0100118566923075	0.0399424171224846	0.0265575816212454	0.00216142663575956	0.021690595084394	0.0260725331818984	0.0447389085656895	0.0357138494935893	0.00686483136213532	0.0260304190977011	0.00786239942063141	0.0190991619325183	0.0108335471618376	0.00940527140793472	0.0113428691836684	0.0405500227340748	0.0444511511597827	0.0471105499545183	0.00809577716030325	0.0171504633184867	0.0161094751429066
Finegoldia	0	6.04814322003145e-06	0	0	0	0	0	9.79873400356674e-06	7.97638988593762e-06	2.83407863521442e-05	1.25398139091616e-05	0	0	7.32198425773385e-06	0	0	0	0	0	0	5.63507269243773e-05	2.57758531807403e-05	0	0	0	0	0	0	0
Flavonifractor	0.000266521033751324	0.00076556979551269	0.000659641411317665	0.000766178515490002	0.000112416390309707	0.000425148603935887	0.000154570854934379	0.00183776962450809	0.000117356268450613	0.000353713052242212	0.000440300178273478	7.53782400174336e-05	4.76194603266175e-05	0.000632382450167271	0.000765701502159459	6.74206813345382e-05	0.000748252301977678	0.000203021221222077	0.0024381303865508	0.000222178199842211	2.57931390250193e-05	0.000724928698724654	0.000397877984084881	0.000114830161034719	0.000150901095110805	0.000338145784939281	0.000617474529175672	0.000358367890237035	0.000346440325653906
Gemella	0	6.72467111624654e-05	4.24475242481482e-06	1.68401900784749e-05	0	0	0	5.16846187648943e-05	3.01673876397598e-05	0	0	2.75694750771945e-05	7.95330643093582e-05	1.0478885046631e-05	5.09061290979434e-05	0	0	1.62087689439987e-05	0	0	0.000384926190721964	4.40280251892093e-05	0	0	0	1.47019906495339e-05	3.43041405097595e-05	2.55977064455025e-05	0
Gordonibacter	0.000220730551591988	0.000132815449764056	0.000682667148853349	8.36391191967907e-05	0.00101174751278736	0.000978086062290229	0.00101742898035795	0.00194570614354646	0.000417474734270295	0.00207518521456144	0.00305958550464808	2.75694750771945e-05	2.75877289781505e-05	0.00102022277199266	0.00087057156811097	0.00109661140805428	0.000652178937280648	0.00031565939353382	0.00326452285171052	0.0011399076685459	0.000509127436972722	0.000626006781640709	0.000722846101511909	0.000423693792843147	6.46718979046305e-05	8.82119438972037e-05	0.00072038695070495	2.55977064455025e-05	0.000779490732721289
Granulicatella	0	1.82496113761481e-05	0	1.31610984252746e-05	0	4.82495078550199e-06	7.48828084048464e-06	0	1.37664093816595e-05	0	8.64229539365655e-06	0	4.27066197390979e-05	4.55736584254301e-06	0	0	0	0	8.55431993156544e-06	0	2.81753634621887e-05	0	0	0	0	1.47019906495339e-05	0	2.55977064455025e-05	0
Haemophilus	5.63554054464007e-05	0.00103754209458122	8.42528452294027e-06	5.01869463752478e-06	0	0	0	0	6.70093075928246e-06	0.000228367791045907	0	6.37450199203187e-05	0.00642452592315911	0	0	0	0	0	0	0	0	0	0	0	0.000237130292316979	0	0	0.00020478165156402	8.66100814134765e-05
Holdemania	0.000423113269340872	6.70559251073667e-05	0.00218572872184557	0.000977954661815992	0.000646394244280816	0.0026699535377728	0.000508048903241861	0.000973101016105206	0.000335580139344897	0.000315268533954742	0.000416785836496213	0.000400157640281398	0.000759041855159849	0.0025313135487048	0.0166488325603438	0.000288929550097571	7.32427505202631e-05	0.000386980840126301	0.000126842365549144	0.000798194856792733	5.3968502487208e-05	0.000406980717539081	0.00137925525614859	0.000237334057580829	4.3114598603087e-05	0.000363867987105652	0.000343041405097595	0	0.00025983024424043
Johnsonella	0.00016019442809879	0.000119477845583397	5.33427216523441e-06	1.48175984098548e-05	8.43122927322804e-05	0.000134481511693983	1.29459619809217e-05	0.000301124066662974	1.06016800932295e-05	0.000199524235975778	0.000123846886336285	0	0	3.28734318856397e-05	0	0	0.000251654560303291	5.14649714633604e-05	0	5.0720227226618e-05	5.15862780500387e-05	4.40280251892093e-05	6.06250912406246e-05	6.50888160287501e-05	0	2.94039812990679e-05	0.000102912421529279	2.55977064455025e-05	0.000173220162826953
Klebsiella	4.64304119249555e-05	0	2.43638806919541e-05	2.7766208524226e-05	0	7.156992202457e-06	0	0	1.90588720952666e-05	0	9.18526683200147e-06	1.59362549800797e-05	0.0370376371921097	0	0.000102721748398225	0	0	0.000532249432997379	5.62072378611368e-05	0	0	4.40280251892093e-05	4.58888696078512e-05	0	0	0	0.000102912421529279	0.0926380996262735	0
Lachnospiraceae	0.00545279033619879	0.0220383131502234	0.0167529963817662	0.0171854084639417	0.0127873643977292	0.0115746957128337	0.00811754719652958	0.0263547878084992	0.0103704601738465	0.00499177356726489	0.0124684943260478	0.0328019189233362	0.00775561821411916	0.0275358333119867	0.0263956541358294	0.00541276755204889	0.0180280211374757	0.0159030882489152	0.0345976306166561	0.0148939126748961	0.0263308880383293	0.0247473821484973	0.0178278809313292	0.00954775968585314	0.00420367336380098	0.0113422968384811	0.0102912421529279	0.00770490964009625	0.0250303135284947
Lactobacillus	0.000540416751311269	0.000111953992370301	0.000106757589534285	4.28192788752858e-05	2.81040975774268e-05	0.0468637062292714	0.000177859237249297	4.71942937076643e-05	0.074361923579209	0.000233368912924918	0.000320696785016299	7.10752051344687e-05	0.00327996325784404	0.000472406945261134	0	0.000382272138615301	0.000515995872033024	0.000128846941255741	8.20210783990321e-05	0.000129206835022576	0.00036348617078744	5.15517063614806e-05	0.000103153551429414	7.39955288526825e-05	0	0.000147019906495339	0.00130355733937086	0	0.000606270569894336
Lactococcus	0.000101481807558355	0.000322857166343564	4.99314230848349e-05	0.000381781650407681	0.00578944410094992	0.00455483403304473	0.000207099810721182	0.000636342070185194	5.86349288171645e-05	0.000116407659624003	0.000321084460129637	0.000142150410268937	0.000490073314947233	0.000246009601896049	0.00026236882042842	0.000197467370956342	6.91276095672612e-05	0.00100745589391805	0.000243190986272205	0.000658065509893034	0.0034519275102621	0.000679649235821698	0.000725435269424957	0.00016580448335323	0	0.000527405647935623	0.00072038695070495	7.67931193365075e-05	0.000866100814134765
Lawsonia	6.45652819565863e-06	2.12548061232707e-05	2.53814837000112e-06	0	0	0	5.45768114043705e-06	6.3200738184622e-06	3.90074933394705e-06	0	0	0	0	4.55736584254301e-06	0	0	0	3.56678076674858e-05	1.4699829481978e-05	0	2.57931390250193e-05	0	0	0	0	0	0	0	0
Leuconostoc	2.87992412410247e-05	8.83606883297621e-06	1.4780595979252e-05	0	0	1.98353954184473e-05	0	0	0.000117958896985424	0	4.52079424470763e-05	0.000175298804780876	5.56839759641133e-05	0.000113659420436054	0	1.46237313913018e-05	0	0	8.55431993156544e-06	1.32816235456622e-05	0	0	0	7.27625515401407e-05	0	1.47019906495339e-05	6.86082810195191e-05	0	0
Marvinbryantia	0.000152121307999326	0.000109698159308827	7.19659521815443e-05	0.00021444720099959	0.000168624585464561	5.86686100275002e-05	4.24420383686991e-05	9.47893374297328e-05	0.000123230102934607	0.000390868111361261	5.3884006291704e-05	1.59362549800797e-05	0.000114011108970391	0.000137489930575893	0.000102188015574618	7.14558791568029e-05	0.000322512995190014	1.62087689439987e-05	0.000293100347104006	2.65632470913244e-05	0.000267460287998871	6.22801971976783e-05	0.000439111860317145	0.000181151954376011	2.15572993015435e-05	0.000452079931002856	3.43041405097595e-05	0	0.000346440325653906
Megasphaera	2.0999290239043e-05	1.19235318911179e-05	2.27125194014654e-05	2.34620979860743e-05	0	1.59853926814742e-05	1.20906170198904e-05	3.96146288901566e-06	4.61290783871429e-06	0	1.77567363138505e-05	3.18725099601594e-05	0.000153211944114126	3.8758639397627e-05	8.5271964356929e-05	2.75846849828975e-05	5.02002139978427e-05	1.25468940163862e-05	2.32541494135434e-05	1.32816235456622e-05	2.81753634621887e-05	0.000106308222386888	1.47362216327734e-05	2.42541838467136e-05	0	1.47019906495339e-05	0	0	0
Mobiluncus	0	0	4.18053209812545e-06	1.18908711047657e-05	0	0	0	1.1884388667047e-05	1.25892977246519e-05	6.39795265515035e-05	0	0	0	2.19082046226312e-05	6.12692529579998e-05	0	7.32427505202631e-05	1.94590387234871e-05	0	0	0.000668650719997177	2.57758531807403e-05	0	0	0	0	0	0	0
Odoribacter	0.00230105772884346	8.99960107978561e-05	0.00200384306684325	0.00173195826089293	0.000674498341858243	0.000186070697646208	0.00267372612855953	0.000294469604989943	0.000361114138860543	0.00332412654977549	0.00275795040358077	0	0.000166559956364252	0.00121329050418005	0.000533095288370956	0.00211564005931599	0.00246234175155501	0.00289195957918257	0.000127986984651629	0.00216134239279639	0.000830144897674958	0.000335086091349624	0	0.0045925252073485	0	0.000970306256987989	0.0044938424067785	0.000383965596682537	0.00121254113978867
Olsenella	6.76663238239593e-06	9.51977041057665e-06	0	0	5.62081951548536e-05	0	0	3.01114756640797e-05	7.74503349726988e-06	0	0	0	7.05437512345156e-06	0	0	0	2.30425365224204e-05	0	0	0	0.000107937004974416	0	0	0	0	0	0	0	0
Oribacterium	0.000138356264833766	5.90422814935788e-05	9.51480426335986e-06	0	0	0	0	0	0	0	0	0	0.000407362584923651	7.32198425773385e-06	2.40027113989292e-05	0	2.71576774754223e-05	0	7.34451658391845e-06	0	0	1.8252172008469e-05	0	0	0	1.47019906495339e-05	0	5.1195412891005e-05	0
Oscillibacter	4.51930312294117e-05	3.16693216114618e-06	2.53814837000112e-06	7.96649272671131e-06	0	0	2.32722734224748e-05	1.02815367074779e-05	2.76051328978023e-05	4.83504844563414e-05	0	0	0	0	0	9.75714466918401e-06	0.000217997426241327	0	8.499932000544e-06	0.00012800370154456	2.57931390250193e-05	2.57758531807403e-05	0	1.6580448335323e-05	0	0	3.43041405097595e-05	0	0
Oxalobacter	4.47225191300576e-06	0	0	6.9415521310565e-06	0	1.80318046419871e-05	7.48828084048464e-06	1.39926678420508e-05	4.61290783871429e-06	0.000989144873436069	7.53023388906459e-06	0	0	0	6.12692529579998e-05	0	0	0	3.30074763786148e-05	5.0720227226618e-05	0	0	0	2.42541838467136e-05	0	0	0	0	0
Parabacteroides	0.00891821438278938	0.0089605638815205	0.0165527250181308	0.0354704589993994	0.00761621044348266	0.00327475416109109	0.00621183180905382	0.00228204020627178	0.00487394819947459	0.00182012865350698	0.00163514784756169	0.00197034183512971	0.00255200346786451	0.000973653824906618	0.00706093233911585	0.00662002877260858	0.00365982890835487	0.00675905692531848	0.00773324004520785	0.0372916368173697	0.004161487375475	0.00277390296278951	0.00769745848379429	0.000621426195554481	0.0153272398033974	0.000720372415945912	0.0179067613460945	0.000563149541801055	0
Paraprevotella	1.57894619943765e-05	5.02654897301634e-05	2.37273641891574e-05	3.76998119010667e-05	0.000224832780619414	0.000136374241162865	2.10840837435581e-05	0.000537591316869002	9.02853118734098e-05	1.19800651715545e-05	2.85632676378178e-05	0	0	5.02820188162983e-05	0.000618482836824241	0.000122614022525282	0	4.45528267562595e-05	3.05442780664404e-05	0.000129206835022576	0	2.57758531807403e-05	2.94724432655467e-05	1.6580448335323e-05	4.3114598603087e-05	7.16690636813216e-05	0	0	0
Parasutterella	4.20224018190792e-05	0	0	0.000370229288682503	0	3.02273767952308e-05	1.95737742394258e-05	0	9.9944560610056e-05	0	0.00011548708835178	0	0	0.00012142406054831	2.40027113989292e-05	0	0	1.25468940163862e-05	0	0.000246335179977505	0	0.000335086091349624	0	0.000253914505916152	0	0	0	0	0
Pediococcus	0	4.4180344164881e-06	8.3610641962509e-06	0	2.81040975774268e-05	3.96007299049225e-05	7.48828084048464e-06	5.51785024554434e-06	0	0	0	0	0	0	0	1.37923424914487e-05	0	0	0	0	0.00042263045193283	1.8252172008469e-05	0	0	0	0	0	0	0
Peptoniphilus	4.34279871562711e-05	4.4180344164881e-06	8.48950484962965e-06	9.59772296563937e-06	0	4.82495078550199e-06	7.62009266032675e-06	3.65241602832506e-05	9.54853222425837e-05	1.63607211805896e-05	8.64229539365655e-06	0	0	9.02893152743295e-05	1.03631238600564e-05	1.46237313913018e-05	7.56270661538028e-05	1.62087689439987e-05	0	0	0.000281753634621887	0	3.11526479750779e-05	0	0	0.000128636136713109	0.000102912421529279	2.55977064455025e-05	0.000173220162826953
Peptostreptococcus	0	1.36331097976657e-05	0	9.79890377233002e-06	0	0	3.26824498201659e-05	5.128386875049e-05	2.04673401409419e-05	0	0	0	3.35107100797144e-05	4.55736584254301e-06	0	9.75714466918401e-06	0	1.94590387234871e-05	8.55431993156544e-06	0	0.000758352589041925	2.57758531807403e-05	0	0	0	0	3.43041405097595e-05	2.55977064455025e-05	0.000173220162826953
Phascolarctobacterium	4.68065736263787e-05	3.68117026189574e-05	0.00378488238375416	0.00636948720783371	5.62081951548536e-05	9.53603823077624e-06	1.03263114415531e-05	0.00104583178033672	8.35468558734873e-05	0	3.03673761348196e-05	0	7.05437512345156e-06	4.70888063353003e-05	3.43658352589856e-05	1.37923424914487e-05	0.000739286013633726	1.94590387234871e-05	0.000101429752781273	6.40018507722802e-05	0.000166669956335963	0.00019115946310138	2.94724432655467e-05	4.9741345005969e-05	0	1.47019906495339e-05	0	0	0
Porphyromonas	4.1603589381364e-05	0	4.18053209812545e-06	0	0	1.04479194880582e-05	6.97136920435984e-05	0.000101486259970181	0.000208828061714119	0.000151919183446116	0	0	1.8391819318767e-05	4.93101478284596e-05	1.03631238600564e-05	5.5169369965795e-05	0.000785841821467785	5.83771161704612e-05	0	5.31264941826489e-05	0.000542067249309249	0	0	0	0	0	0.000171520702548798	0.000383965596682537	0
Prevotella	0.0500088043944966	0.000952951089356086	0.000133403748112169	0.000339272378372627	0.00326007531898151	0.00257334820259026	0.000445093013935043	0.000584832711503728	0.0109847530231337	0.000304173159247815	0.00025395868626922	4.35057300572742e-05	2.11631253703547e-05	0.000420311476773193	5.50920829790983e-05	0.000359771671931315	0.000864930538260512	0.00531781079473869	0.000409948754599987	0.000354994435298834	0.00029325342702389	7.73275595422209e-05	0.000338933097553787	0.000245007793092219	0.000280244890920066	0.000143338127362643	0.00240128983568317	0	0.000692880651307812
Propionibacterium	8.98254839013543e-05	3.05860803554235e-05	0.000190361127750084	1.83115982056744e-05	0.0015738294643359	8.17327152563096e-05	2.29777480028143e-05	4.12413821421437e-05	0.000169169807537998	1.19800651715545e-05	0.000313188476874182	0.000417369779813257	9.70000861907785e-05	0.000286649142322302	6.12692529579998e-05	5.36523100680378e-05	0.000171046940536755	4.45528267562595e-05	0	2.65632470913244e-05	5.15862780500387e-05	2.57758531807403e-05	6.23052959501558e-05	8.16692643640731e-05	4.3114598603087e-05	4.41059719486018e-05	0	0	0.000173220162826953
Pseudoflavonifractor	0.000463950321327284	8.6215408089977e-05	0.000131614544395827	0.000312037851848999	0.000168624585464561	0.00029688084762811	0.000362793139102862	0.00170185886103402	0.000524998136445441	0.00494902076140871	0.000462087013988347	5.94419850373539e-05	0.000433074790357995	0.000240631280383255	0.000348926032366419	0.000210380382098041	0.000999253371966891	0.00010037515213109	0.000710917564800246	0.000479388736409348	0.000302782324772567	4.40280251892093e-05	5.89448865310934e-05	0.00102209878186346	6.46718979046305e-05	0.000407973959054254	0.000480257967136633	0.000153586238673015	8.66100814134765e-05
Riemerella	1.90041255226204e-05	0	4.24475242481482e-06	1.91954459312787e-05	0	0	5.45768114043705e-06	1.53165842491111e-05	2.06986965296097e-05	2.91019149060008e-05	0	0	0	0	2.40027113989292e-05	6.66132636596335e-05	0	0	0	1.32816235456622e-05	0	0	0	2.42541838467136e-05	0	0	0	0	0
Rikenella	1.22374931402245e-05	7.74874128062875e-05	5.60905975331355e-06	0	2.81040975774268e-05	0	5.46822592191655e-05	3.96146288901566e-06	3.42902146932256e-05	8.77751763957083e-05	0	0	0	0	0	1.9514289338368e-05	0.000128211595785185	0	0	0.000103846721409267	0	2.57758531807403e-05	2.94724432655467e-05	2.42541838467136e-05	0	0	0	0	0
Roseburia	0.0240236137181582	0.0619710006217319	0.0421342380448505	0.0234795474488784	0.013827216008094	0.0111008967017181	0.0115779176278088	0.0110695399671327	0.012007986153333	0.00827225541208274	0.0328305379653298	0.00759008606069766	0.0159044727128201	0.00559245958969636	0.0180224909583028	0.00378809020631195	0.0750958053763617	0.00674189723720418	0.00511864145167534	0.0436078598842769	0.00956557005177319	0.0179498058382155	0.00520329099768352	0.0219939675318226	0.0271837544192464	0.0301545432988667	0.00682652396144215	0.0527568729841806	0.0247704832842543
Rothia	6.1215377086203e-05	0.000679797232916867	0.000118880891909915	4.86114601487836e-05	2.81040975774268e-05	0.00120424674430447	0.000102587882079951	0.000533550622985176	0.000335477811864278	8.62980653836012e-05	5.43349424485508e-05	0	0.00183349670482917	2.55151359358051e-05	4.09187626166185e-05	2.75846849828975e-05	0	0.000267033086701824	3.78995909645e-05	2.65632470913244e-05	2.81753634621887e-05	0.00073008688033876	3.11526479750779e-05	0.000137851367568891	0	1.47019906495339e-05	3.43041405097595e-05	0	0
Ruminococcaceae	0.00108521448170999	0.000420538897379738	0.000401603455251634	0.000751358343798178	0.000281040975774268	0.000706599288196691	0.000752333332621455	0.000219536748788973	0.00093042408739087	0.00293468201107369	0.000449938443549327	0.00056987752562753	0.000126742479431362	0.00546773456562413	0.00266219332732635	0.00121184070593293	0.00168567832024855	0.000606097267722477	0.000184584247608333	0.000553062810293244	0.000537302800434911	0.000344700520341403	0.000106513960848476	0.000857527275822767	0.000905406570664827	0.000464941032086042	0.002710027100271	0.00010239082578201	0.000173220162826953
Ruminococcus	0.0795997624776447	0.288676935029569	0.238291787647476	0.147725550791713	0.496149738631893	0.248098358144319	0.183164542791891	0.0587931967445391	0.165536073811832	0.0174083078903397	0.285576043548299	0.469326773189553	0.142013903740707	0.250117188005946	0.197901207261575	0.0833137239738711	0.321637899755273	0.243248348357179	0.303446450556044	0.22197297464187	0.214948679269482	0.320501109835184	0.343248248868616	0.0863107821219866	0.0266017073381047	0.128599154766025	0.295701691194127	0.114216966159832	0.414342629482072
Salmonella	0	0	0	2.37817422095314e-05	0	2.24391387248595e-05	0	0	0.000418748511738072	0	0	1.59362549800797e-05	0.000582338617787843	0	0	0	2.71576774754223e-05	0	2.44531564470493e-05	0	0	0	0.000372151570991403	0	0	0.000115775035629923	6.86082810195191e-05	0.00051195412891005	0
Selenomonas	1.34238462679041e-05	1.6341566307606e-05	0	0	0	0	7.62009266032675e-06	1.26401476369244e-05	1.13138385979968e-05	0.000201272488567978	7.23698470588008e-05	2.75694750771945e-05	0	4.55736584254301e-06	0	0	7.32427505202631e-05	4.49644319043836e-05	1.58444485844624e-05	2.5360113613309e-05	2.81753634621887e-05	1.8252172008469e-05	0	0	0	1.47019906495339e-05	0	2.55977064455025e-05	0
Shigella	7.69124275100371e-06	0	0	2.74628536397691e-05	0	3.15825308044718e-05	7.62009266032675e-06	0	0.00265574887714124	0	7.53023388906459e-06	6.37450199203187e-05	0.000819199219089398	0	0	1.37923424914487e-05	5.43153549508446e-05	0	1.71086398631309e-05	1.32816235456622e-05	2.81753634621887e-05	0	0.000495081958182184	0	0	0	0.000171520702548798	7.67931193365075e-05	0
Slackia	2.56967594288013e-05	0	0	0	0	9.45265220620632e-06	1.51083735008114e-05	3.96146288901566e-06	1.20427517687792e-05	0	9.18526683200147e-06	0	0	0	1.36395875388728e-05	0	0	0	8.55431993156544e-06	0	0	0	0	0	0	0	0	2.55977064455025e-05	8.66100814134765e-05
Solobacterium	2.21491178844033e-05	0	0	6.03434750600418e-06	0	1.15641310316168e-05	0	9.56096068532966e-06	2.15114428789293e-05	8.18036059029482e-06	0	0	4.52450697531426e-05	0	0	0	4.93348013381116e-05	3.56678076674858e-05	0	0	0.00436874090150873	0	0	0	0	0	0	0	0
Staphylococcus	0	0	4.18053209812545e-06	6.9415521310565e-06	2.81040975774268e-05	1.07354883036855e-05	1.44106185186492e-05	0	4.01312307919789e-05	2.91019149060008e-05	1.67155007210661e-05	0	1.80245800468795e-05	1.0478885046631e-05	1.36395875388728e-05	0	0	0	0	1.32816235456622e-05	0	0	0	0	2.15572993015435e-05	0	0	0	0
Streptococcus	0.00491235559134591	0.0427142437686366	0.00351018064070163	0.00339665554174126	0.108847169917374	0.0661482903120036	0.00508750645298244	0.0313629733024016	0.00984788057041471	0.014751156554714	0.00707445577045843	0.00273513181504243	0.108505425848915	0.00821301381726281	0.00573314221290852	0.0148730807615293	0.0460099726979928	0.00639169112432953	0.00378535149059753	0.00853963529098267	0.0167465000123108	0.00862601337568244	0.000996113493696478	0.00096714965597118	0.00043114598603087	0.0104438355263431	0.0109087166821035	0.00117749449649311	0.00216525203533691
Subdoligranulum	0.00634024560409361	0.0156576928818268	0.00870923785861156	0.031877272780134	0.0107638693721545	0.00381605846882348	0.0126382743742643	0.0683798330375736	0.00701775425304301	0.00990676712895147	0.0185843983331653	0.00322245117456948	0.00214462689876442	0.0209958680791323	0.047081108351094	0.00453455455046405	0.0214599708779592	0.00543100221154131	0.044862458362442	0.00896214666691285	0.0061532319431094	0.0215862918845194	0.00800380662771897	0.0044909819251156	0.00191859963783737	0.00976010502055543	0.010977324963123	0.00529872523421901	0.00892083838558808
Tannerella	3.67522267511002e-05	9.15070289171913e-05	2.53744653569933e-05	1.31610984252746e-05	5.62081951548536e-05	4.90833681007191e-06	6.35517082259664e-05	3.0157621861748e-05	0.000104991270630119	0.00133328528857704	7.27898615709828e-05	0	9.75445146297367e-05	0.00012641002045666	0.000919054946125059	0.000238013009530835	0.000787231318219811	0.000125185066328129	8.54765283347677e-05	0.000156973215591916	2.81753634621887e-05	2.57758531807403e-05	2.94724432655467e-05	0.000114830161034719	0.000495817883935501	0.000227868292127151	0	0.000179183945118517	0
Thermobifida	5.65860504068537e-06	2.42564038958478e-05	8.06191551112544e-06	0	0	2.60622966148696e-05	3.53850263433487e-05	9.79873400356674e-06	6.25796364598987e-05	8.12521039436019e-05	8.64229539365655e-06	1.59362549800797e-05	2.82306302203073e-05	4.42664397695391e-05	0	0	2.30425365224204e-05	1.25468940163862e-05	8.499932000544e-06	5.0720227226618e-05	2.57931390250193e-05	5.15517063614806e-05	4.58888696078512e-05	4.85083676934271e-05	2.15572993015435e-05	7.16690636813216e-05	0	5.1195412891005e-05	0
Treponema	1.2115133236344e-05	0	0	1.18004246568527e-05	2.81040975774268e-05	1.81060619129341e-05	0	2.79853356841015e-05	7.97638988593762e-06	6.10916781817526e-05	1.25398139091616e-05	0	0	1.09829763866008e-05	1.03631238600564e-05	0	0	0	8.55431993156544e-06	0	0	0	0	0	0	0	0	0	0
Turicibacter	0.000156435259082677	0.000186738196185879	9.52542192282154e-06	0.000216728916637672	0	6.70879200831235e-05	0.000111571803193926	0.000395754739174235	0	0.000923861011522565	1.83705336640029e-05	0	7.79784953563557e-05	9.81553898990112e-05	0.000198616135908249	0.000229113115538711	0.000131461324078456	0.000578661571565412	0	0.000673847710969711	0	0.0025918084252026	0	1.6580448335323e-05	0	2.94039812990679e-05	0	0.00020478165156402	0
Veillonella	0.000360346339283502	0.000394528033055118	8.22893598678315e-05	0	0	0.000149792694003702	4.29254414772024e-05	9.56096068532966e-06	0.00030218654226424	0.00156469704616316	3.72055630314743e-05	0.0131792828685259	0.00464776292990787	1.09829763866008e-05	0	0	0.000104515568948687	2.50937880327725e-05	0.00104152982020426	7.6080340839927e-05	2.81753634621887e-05	0	4.58888696078512e-05	0.000287075402586798	0.00144433905320341	0.000303219134941168	3.43041405097595e-05	0.00163825321251216	0
